# Light load, N = 4, TMT = 100, Amount = 150
0 101 70
0 157 90
2 165 118
3 226 100
3 518 126
3 554 115
1 555 92
1 587 72
1 608 118
0 728 71
1 823 108
1 951 64
2 1056 75
0 1064 126
2 1086 92
3 1164 129
0 1176 130
1 1256 64
3 1284 108
3 1313 117
0 1374 95
0 1436 112
1 1698 144
2 1763 84
2 1822 93
3 1869 69
3 1974 98
1 2051 109
2 2080 127
0 2090 111
1 2108 98
3 2117 106
2 2230 116
2 2306 99
1 2464 105
1 2469 114
3 2536 75
1 2580 107
2 2715 101
2 2763 92
0 2868 62
0 2992 91
3 3021 131
1 3061 98
3 3178 97
0 3180 63
1 3260 124
2 3338 86
0 3380 101
1 3449 118
