# Heavy load, N = 4, TMT = 100, Amount = 150
0 60 111
1 145 112
2 188 108
2 222 97
2 229 96
1 233 115
3 235 87
1 275 90
3 291 87
1 302 69
3 304 91
0 336 131
1 341 83
2 355 95
2 372 116
0 382 101
0 402 120
2 419 111
0 420 107
0 444 141
3 478 98
0 524 137
3 564 121
2 577 88
1 579 73
3 595 100
3 610 106
1 617 96
1 646 106
2 674 116
1 708 111
0 711 98
0 713 72
0 733 86
3 739 131
0 741 61
0 745 124
2 746 61
0 752 116
3 772 82
3 778 65
0 781 108
2 786 136
1 814 96
2 828 127
2 835 100
3 853 81
0 919 140
2 927 94
1 997 87
2 1014 114
3 1034 72
0 1044 81
3 1052 61
2 1057 94
3 1060 51
1 1066 115
2 1093 103
2 1206 97
3 1260 84
0 1422 113
1 1457 132
0 1461 131
3 1484 97
3 1490 101
0 1515 116
3 1594 95
3 1625 96
0 1651 77
0 1683 129
0 1686 143
0 1726 66
2 1727 71
2 1749 97
1 1805 101
3 1806 105
3 1810 106
2 1852 57
3 1865 80
1 1914 66
1 1972 73
3 1980 116
2 2016 116
3 2028 122
2 2032 100
2 2060 85
3 2116 101
2 2160 111
2 2180 104
1 2201 106
1 2204 63
1 2229 75
1 2232 88
3 2253 107
0 2262 91
2 2327 90
3 2335 102
3 2375 67
3 2402 78
1 2411 119
3 2478 78
2 2492 118
2 2504 116
0 2517 101
2 2528 106
2 2539 114
3 2556 115
0 2562 133
1 2598 119
2 2611 58
0 2621 136
1 2641 89
1 2647 102
2 2651 110
0 2662 108
2 2666 117
1 2848 112
2 2857 98
1 2865 122
0 2869 65
2 2884 105
2 2903 89
3 2983 108
0 2989 107
0 3106 75
2 3119 86
3 3162 134
0 3194 93
0 3200 88
1 3212 105
2 3225 73
1 3251 88
1 3260 117
2 3269 76
2 3326 124
0 3389 119
2 3423 91
3 3425 121
0 3450 118
1 3515 115
3 3558 102
0 3562 123
0 3581 116
2 3602 91
1 3614 84
3 3636 102
2 3647 110
3 3659 131
0 3687 133
0 3693 78
