# Light load, N = 4, TMT = 100, Amount = 150, Nonuniform
2 146 79
0 154 104
0 322 126
1 409 99
1 463 114
3 536 119
0 688 110
0 827 103
1 866 88
3 876 109
3 946 122
0 1098 113
2 1221 85
0 1337 94
2 1361 124
2 1406 113
1 1542 112
0 1596 84
0 1715 114
2 1716 105
0 1757 116
0 1834 97
0 1872 128
0 1917 95
0 2018 77
1 2228 103
2 2278 74
0 2299 93
2 2333 79
0 2397 97
3 2406 104
0 2410 78
0 2477 100
2 2508 108
1 2624 120
0 2631 60
0 2651 87
0 2700 99
0 2960 94
3 3109 94
0 3129 123
2 3217 102
0 3285 88
0 3388 94
0 3417 90
3 3495 110
0 3657 89
3 3675 87
3 3737 106
2 3740 89
