# Heavy load, N = 4, TMT = 100, Amount = 150, Nonuniform
3 4 107
1 42 99
0 50 90
0 51 107
3 52 111
2 55 105
0 70 123
3 129 124
0 130 77
0 153 93
3 161 114
1 212 98
0 229 97
2 250 94
0 259 97
0 266 74
0 302 75
3 307 133
3 326 111
0 334 99
0 341 135
1 392 61
0 394 90
2 440 66
2 451 103
1 452 70
0 504 107
3 512 70
0 516 101
0 532 74
2 542 79
0 626 109
1 645 103
3 674 88
3 682 110
0 732 78
0 755 105
0 798 130
0 843 116
0 868 88
0 887 129
0 906 96
0 933 113
1 945 97
2 971 72
0 993 81
0 1005 99
1 1081 115
0 1118 59
0 1134 55
0 1149 99
1 1289 119
0 1316 92
2 1333 115
3 1386 98
0 1412 74
3 1474 74
0 1493 67
0 1495 96
0 1499 92
0 1572 83
3 1614 79
3 1628 110
1 1635 84
3 1687 69
2 1704 122
1 1708 87
3 1731 89
0 1742 112
0 1744 91
0 1749 63
3 1757 73
0 1761 106
2 1770 97
0 1791 88
0 1841 77
0 1875 149
0 1891 130
0 1894 100
3 1916 59
0 1927 112
2 1960 149
0 1969 97
0 1971 103
0 1975 112
2 1981 90
0 2040 110
0 2104 117
3 2127 117
0 2166 117
0 2210 108
0 2214 119
3 2260 71
3 2275 94
2 2285 92
0 2319 90
0 2330 100
0 2342 79
0 2401 86
0 2418 91
1 2497 61
3 2505 108
3 2506 95
0 2521 89
3 2537 56
0 2581 89
0 2647 94
0 2676 118
0 2704 127
0 2705 100
0 2760 73
0 2766 86
1 2769 77
1 2807 82
0 2812 89
3 2888 79
0 2934 80
2 2938 83
0 2953 115
3 3010 121
0 3013 77
0 3037 105
3 3044 72
0 3049 78
2 3075 83
0 3117 102
0 3128 90
0 3133 65
0 3135 111
0 3167 118
0 3208 107
0 3212 120
0 3221 133
2 3304 119
0 3341 95
0 3349 65
2 3449 123
0 3471 103
1 3512 106
0 3516 88
2 3543 119
0 3562 80
0 3569 113
2 3626 103
1 3643 100
0 3650 109
0 3653 112
0 3655 72
0 3656 89
2 3703 92
